001100001100111111111111001100001100
001110001100111111111111001100001100
001100001100111111111111101100001100
001100001100111111111111001100001110
000000000000111111111111000000000000
000000000001111111111111000000000000
000000000000111111111111100000000000
000000000000111111111111000100000000
000000000000001100001100000000000000
000000000000001100011100000000000000
000000000000001110001100000000000000
000000000000011100001100000000000000
000011000011001100001100110000110000
000111000011001100001100110000110000
000011100011001100001100110000110000
000011000011001110001100110000110000